0 10 11  ==> 7 8 12 13 , 0.29
0 10  ==> 7 8 12 13 , 0.29
0 11  ==> 7 8 12 13 , 0.29
0  ==> 7 8 12 13 , 0.29
0 1 10 11  ==> 7 8 12 13 , 0.29
0 1 10  ==> 7 8 12 13 , 0.29
0 1 11  ==> 7 8 12 13 , 0.29
0 1  ==> 7 8 12 13 , 0.29
1 10 11  ==> 7 8 12 13 , 0.29
1 10  ==> 7 8 12 13 , 0.29
1 11  ==> 7 8 12 13 , 0.29
1  ==> 7 8 12 13 , 0.29
5 10 11  ==> 7 8 12 13 , 0.43
5 10  ==> 7 8 12 13 , 0.43
5 11  ==> 7 8 12 13 , 0.43
5 6 10 11  ==> 7 8 12 13 , 0.43
5 6 10  ==> 7 8 12 13 , 0.43
5 6 11  ==> 7 8 12 13 , 0.43
5 6  ==> 7 8 12 13 , 0.43
5  ==> 7 8 12 13 , 0.43
6 10 11  ==> 7 8 12 13 , 0.43
6 10  ==> 7 8 12 13 , 0.43
6 11  ==> 7 8 12 13 , 0.43
6  ==> 7 8 12 13 , 0.43
7  ==> 10 11 , 0.43
7 12  ==> 10 11 , 0.43
7 12 13  ==> 10 11 , 0.43
7 12 13  ==> 5 6 10 11 , 0.29
7 12  ==> 5 6 10 11 , 0.29
7 8  ==> 10 11 , 0.43
7 8 12  ==> 10 11 , 0.43
7 8 12 13  ==> 10 11 , 0.43
7 8 12 13  ==> 5 6 10 11 , 0.29
7 8 12  ==> 5 6 10 11 , 0.29
7 8 13  ==> 10 11 , 0.43
7 8 13  ==> 5 6 10 11 , 0.29
7 8  ==> 5 6 10 11 , 0.29
7 13  ==> 10 11 , 0.43
7 13  ==> 5 6 10 11 , 0.29
7  ==> 5 6 10 11 , 0.29
8  ==> 10 11 , 0.43
8 12  ==> 10 11 , 0.43
8 12 13  ==> 10 11 , 0.43
8 12 13  ==> 5 6 10 11 , 0.29
8 12  ==> 5 6 10 11 , 0.29
8 13  ==> 10 11 , 0.43
8 13  ==> 5 6 10 11 , 0.29
8  ==> 5 6 10 11 , 0.29
10 11  ==> 7 8 12 13 , 0.57
10  ==> 7 8 12 13 , 0.57
11  ==> 7 8 12 13 , 0.57
12  ==> 10 11 , 0.43
12 13  ==> 10 11 , 0.43
12 13  ==> 5 6 10 11 , 0.29
12  ==> 5 6 10 11 , 0.29
13  ==> 10 11 , 0.43
13  ==> 5 6 10 11 , 0.29
