31 32 -1 32 33 42 43 -1 -2
32 33 42 43 -1 43 -1 -2
43 -1 43 44 53 54 -1 -2
43 44 53 54 -1 31 32 -1 -2
31 32 -1 32 33 42 43 -1 -2
32 33 42 43 -1 43 -1 -2
43 -1 43 44 53 54 -1 -2
43 44 53 54 -1 31 32 -1 -2
31 32 -1 32 33 42 43 -1 -2
32 33 42 43 -1 43 -1 -2
43 -1 43 44 53 54 -1 -2
43 44 53 54 -1 31 32 -1 -2
31 32 -1 32 33 42 43 -1 -2
32 33 42 43 -1 43 -1 -2
43 -1 43 44 53 54 -1 -2
43 44 53 54 -1 31 32 -1 -2
31 32 -1 32 33 42 43 -1 -2
32 33 42 43 -1 43 -1 -2
43 -1 43 44 53 54 -1 -2
43 44 53 54 -1 31 32 -1 -2
31 32 -1 32 33 42 43 -1 -2
32 33 42 43 -1 43 -1 -2
43 -1 43 44 53 54 -1 -2
43 44 53 54 -1 31 32 -1 -2
31 32 -1 32 33 42 43 -1 -2
32 33 42 43 -1 43 -1 -2
43 -1 43 44 53 54 -1 -2
43 44 53 54 -1 31 32 -1 -2
31 32 -1 32 33 42 43 -1 -2
32 33 42 43 -1 43 -1 -2
43 -1 43 44 53 54 -1 -2
43 44 53 54 -1 31 32 -1 -2
31 32 -1 32 33 42 43 -1 -2
32 33 42 43 -1 43 -1 -2
43 -1 43 44 53 54 -1 -2
43 44 53 54 -1 31 32 -1 -2
31 32 -1 32 33 42 43 -1 -2
32 33 42 43 -1 43 -1 -2
43 -1 43 44 53 54 -1 -2
43 44 53 54 -1 31 32 -1 -2
31 32 -1 32 33 42 43 -1 -2
32 33 42 43 -1 43 -1 -2
43 -1 43 44 53 54 -1 -2
43 44 53 54 -1 31 32 -1 -2
31 32 -1 32 33 42 43 -1 -2
32 33 42 43 -1 43 -1 -2
43 -1 43 44 53 54 -1 -2
43 44 53 54 -1 31 32 -1 -2
31 32 -1 32 33 42 43 -1 -2
32 33 42 43 -1 43 -1 -2
43 -1 43 44 53 54 -1 -2
43 44 53 54 -1 31 32 -1 -2
31 32 -1 32 33 42 43 -1 -2
32 33 42 43 -1 43 -1 -2
43 -1 43 44 53 54 -1 -2
43 44 53 54 -1 31 32 -1 -2
31 32 -1 32 33 42 43 -1 -2
32 33 42 43 -1 43 -1 -2
43 -1 43 44 53 54 -1 -2
43 44 53 54 -1 31 32 -1 -2
31 32 -1 32 33 42 43 -1 -2
32 33 42 43 -1 43 -1 -2
43 -1 43 44 53 54 -1 -2
43 44 53 54 -1 31 32 -1 -2
31 32 -1 32 33 42 43 -1 -2
32 33 42 43 -1 43 -1 -2
43 -1 43 44 53 54 -1 -2
43 44 53 54 -1 31 32 -1 -2
31 32 -1 32 33 42 43 -1 -2
32 33 42 43 -1 43 -1 -2
43 -1 43 44 53 54 -1 -2
43 44 53 54 -1 31 32 -1 -2
31 32 -1 32 33 42 43 -1 -2
32 33 42 43 -1 43 -1 -2
43 -1 43 44 53 54 -1 -2
43 44 53 54 -1 31 32 -1 -2
31 32 -1 32 33 42 43 -1 -2
32 33 42 43 -1 43 -1 -2
43 -1 43 44 53 54 -1 -2
43 44 53 54 -1 31 32 -1 -2
31 32 -1 32 33 42 43 -1 -2
32 33 42 43 -1 43 -1 -2
43 -1 43 44 53 54 -1 -2
43 44 53 54 -1 31 32 -1 -2
31 32 -1 32 33 42 43 -1 -2
32 33 42 43 -1 43 -1 -2
43 -1 43 44 53 54 -1 -2
43 44 53 54 -1 31 32 -1 -2
31 32 -1 32 33 42 43 -1 -2
32 33 42 43 -1 43 -1 -2
43 -1 43 44 53 54 -1 -2
43 44 53 54 -1 31 32 -1 -2
31 32 -1 32 33 42 43 -1 -2
32 33 42 43 -1 43 -1 -2
43 -1 43 44 53 54 -1 -2
43 44 53 54 -1 31 32 -1 -2
31 32 -1 32 33 42 43 -1 -2
32 33 42 43 -1 43 -1 -2
43 -1 43 44 53 54 -1 -2
