0 30000 33000 25.0 30.0
1 30000 33000 30.0 35.0
2 30000 33000 35.0 40.0
3 30000 33000 40.0 45.0
4 30000 33000 45.0 50.0
5 30000 33000 50.0 55.0
6 30000 33000 55.0 60.0
7 30000 33000 60.0 65.0
8 30000 33000 65.0 70.0
9 30000 33000 70.0 75.0
10 33000 36000 25.0 30.0
11 33000 36000 30.0 35.0
12 33000 36000 35.0 40.0
13 33000 36000 40.0 45.0
14 33000 36000 45.0 50.0
15 33000 36000 50.0 55.0
16 33000 36000 55.0 60.0
17 33000 36000 60.0 65.0
18 33000 36000 65.0 70.0
19 33000 36000 70.0 75.0
20 36000 39000 25.0 30.0
21 36000 39000 30.0 35.0
22 36000 39000 35.0 40.0
23 36000 39000 40.0 45.0
24 36000 39000 45.0 50.0
25 36000 39000 50.0 55.0
26 36000 39000 55.0 60.0
27 36000 39000 60.0 65.0
28 36000 39000 65.0 70.0
29 36000 39000 70.0 75.0
30 39000 42000 25.0 30.0
31 39000 42000 30.0 35.0
32 39000 42000 35.0 40.0
33 39000 42000 40.0 45.0
34 39000 42000 45.0 50.0
35 39000 42000 50.0 55.0
36 39000 42000 55.0 60.0
37 39000 42000 60.0 65.0
38 39000 42000 65.0 70.0
39 39000 42000 70.0 75.0
40 42000 45000 25.0 30.0
41 42000 45000 30.0 35.0
42 42000 45000 35.0 40.0
43 42000 45000 40.0 45.0
44 42000 45000 45.0 50.0
45 42000 45000 50.0 55.0
46 42000 45000 55.0 60.0
47 42000 45000 60.0 65.0
48 42000 45000 65.0 70.0
49 42000 45000 70.0 75.0
50 45000 48000 25.0 30.0
51 45000 48000 30.0 35.0
52 45000 48000 35.0 40.0
53 45000 48000 40.0 45.0
54 45000 48000 45.0 50.0
55 45000 48000 50.0 55.0
56 45000 48000 55.0 60.0
57 45000 48000 60.0 65.0
58 45000 48000 65.0 70.0
59 45000 48000 70.0 75.0
60 48000 51000 25.0 30.0
61 48000 51000 30.0 35.0
62 48000 51000 35.0 40.0
63 48000 51000 40.0 45.0
64 48000 51000 45.0 50.0
65 48000 51000 50.0 55.0
66 48000 51000 55.0 60.0
67 48000 51000 60.0 65.0
68 48000 51000 65.0 70.0
69 48000 51000 70.0 75.0
70 51000 54000 25.0 30.0
71 51000 54000 30.0 35.0
72 51000 54000 35.0 40.0
73 51000 54000 40.0 45.0
74 51000 54000 45.0 50.0
75 51000 54000 50.0 55.0
76 51000 54000 55.0 60.0
77 51000 54000 60.0 65.0
78 51000 54000 65.0 70.0
79 51000 54000 70.0 75.0
80 54000 57000 25.0 30.0
81 54000 57000 30.0 35.0
82 54000 57000 35.0 40.0
83 54000 57000 40.0 45.0
84 54000 57000 45.0 50.0
85 54000 57000 50.0 55.0
86 54000 57000 55.0 60.0
87 54000 57000 60.0 65.0
88 54000 57000 65.0 70.0
89 54000 57000 70.0 75.0
90 57000 60000 25.0 30.0
91 57000 60000 30.0 35.0
92 57000 60000 35.0 40.0
93 57000 60000 40.0 45.0
94 57000 60000 45.0 50.0
95 57000 60000 50.0 55.0
96 57000 60000 55.0 60.0
97 57000 60000 60.0 65.0
98 57000 60000 65.0 70.0
99 57000 60000 70.0 75.0
