3 4 5 6 7 13 14 15 16 17 23 24 25 26 27 -1 23 24 25 26 27 33 34 35 36 37 -1 33 34 35 36 37 43 44 45 46 47 -1 43 44 45 46 47 53 54 55 56 57 -1 53 54 55 56 57 63 64 65 66 67 -1 63 64 65 66 67 73 74 75 76 77 -1 -2
3 4 5 6 7 13 14 15 16 17 23 24 25 26 27 -1 23 24 25 26 27 33 34 35 36 37 -1 33 34 35 36 37 43 44 45 46 47 -1 43 44 45 46 47 53 54 55 56 57 -1 53 54 55 56 57 63 64 65 66 67 -1 63 64 65 66 67 73 74 75 76 77 -1 -2
3 4 5 6 7 13 14 15 16 17 23 24 25 26 27 -1 23 24 25 26 27 33 34 35 36 37 -1 33 34 35 36 37 43 44 45 46 47 -1 43 44 45 46 47 53 54 55 56 57 -1 53 54 55 56 57 63 64 65 66 67 -1 63 64 65 66 67 73 74 75 76 77 -1 -2
3 4 5 6 7 13 14 15 16 17 23 24 25 26 27 -1 23 24 25 26 27 33 34 35 36 37 -1 33 34 35 36 37 43 44 45 46 47 -1 43 44 45 46 47 53 54 55 56 57 -1 53 54 55 56 57 63 64 65 66 67 -1 63 64 65 66 67 73 74 75 76 77 -1 -2
3 4 5 6 7 13 14 15 16 17 23 24 25 26 27 -1 23 24 25 26 27 33 34 35 36 37 -1 33 34 35 36 37 43 44 45 46 47 -1 43 44 45 46 47 53 54 55 56 57 -1 53 54 55 56 57 63 64 65 66 67 -1 63 64 65 66 67 73 74 75 76 77 -1 -2
3 4 5 6 7 13 14 15 16 17 23 24 25 26 27 -1 23 24 25 26 27 33 34 35 36 37 -1 33 34 35 36 37 43 44 45 46 47 -1 43 44 45 46 47 53 54 55 56 57 -1 53 54 55 56 57 63 64 65 66 67 -1 63 64 65 66 67 73 74 75 76 77 -1 -2
3 4 5 6 7 13 14 15 16 17 23 24 25 26 27 -1 23 24 25 26 27 33 34 35 36 37 -1 33 34 35 36 37 43 44 45 46 47 -1 43 44 45 46 47 53 54 55 56 57 -1 53 54 55 56 57 63 64 65 66 67 -1 63 64 65 66 67 73 74 75 76 77 -1 -2
3 4 5 6 7 13 14 15 16 17 23 24 25 26 27 -1 23 24 25 26 27 33 34 35 36 37 -1 33 34 35 36 37 43 44 45 46 47 -1 43 44 45 46 47 53 54 55 56 57 -1 53 54 55 56 57 63 64 65 66 67 -1 63 64 65 66 67 73 74 75 76 77 -1 -2
3 4 5 6 7 13 14 15 16 17 23 24 25 26 27 -1 23 24 25 26 27 33 34 35 36 37 -1 33 34 35 36 37 43 44 45 46 47 -1 43 44 45 46 47 53 54 55 56 57 -1 53 54 55 56 57 63 64 65 66 67 -1 63 64 65 66 67 73 74 75 76 77 -1 -2
3 4 5 6 7 13 14 15 16 17 23 24 25 26 27 -1 23 24 25 26 27 33 34 35 36 37 -1 33 34 35 36 37 43 44 45 46 47 -1 43 44 45 46 47 53 54 55 56 57 -1 53 54 55 56 57 63 64 65 66 67 -1 63 64 65 66 67 73 74 75 76 77 -1 -2
3 4 5 6 7 13 14 15 16 17 23 24 25 26 27 -1 23 24 25 26 27 33 34 35 36 37 -1 33 34 35 36 37 43 44 45 46 47 -1 43 44 45 46 47 53 54 55 56 57 -1 53 54 55 56 57 63 64 65 66 67 -1 63 64 65 66 67 73 74 75 76 77 -1 -2
3 4 5 6 7 13 14 15 16 17 23 24 25 26 27 -1 23 24 25 26 27 33 34 35 36 37 -1 33 34 35 36 37 43 44 45 46 47 -1 43 44 45 46 47 53 54 55 56 57 -1 53 54 55 56 57 63 64 65 66 67 -1 63 64 65 66 67 73 74 75 76 77 -1 -2
3 4 5 6 7 13 14 15 16 17 23 24 25 26 27 -1 23 24 25 26 27 33 34 35 36 37 -1 33 34 35 36 37 43 44 45 46 47 -1 43 44 45 46 47 53 54 55 56 57 -1 53 54 55 56 57 63 64 65 66 67 -1 63 64 65 66 67 73 74 75 76 77 -1 -2
3 4 5 6 7 13 14 15 16 17 23 24 25 26 27 -1 23 24 25 26 27 33 34 35 36 37 -1 33 34 35 36 37 43 44 45 46 47 -1 43 44 45 46 47 53 54 55 56 57 -1 53 54 55 56 57 63 64 65 66 67 -1 63 64 65 66 67 73 74 75 76 77 -1 -2
3 4 5 6 7 13 14 15 16 17 23 24 25 26 27 -1 23 24 25 26 27 33 34 35 36 37 -1 33 34 35 36 37 43 44 45 46 47 -1 43 44 45 46 47 53 54 55 56 57 -1 53 54 55 56 57 63 64 65 66 67 -1 63 64 65 66 67 73 74 75 76 77 -1 -2
3 4 5 6 7 13 14 15 16 17 23 24 25 26 27 -1 23 24 25 26 27 33 34 35 36 37 -1 33 34 35 36 37 43 44 45 46 47 -1 43 44 45 46 47 53 54 55 56 57 -1 53 54 55 56 57 63 64 65 66 67 -1 63 64 65 66 67 73 74 75 76 77 -1 -2
3 4 5 6 7 13 14 15 16 17 23 24 25 26 27 -1 23 24 25 26 27 33 34 35 36 37 -1 33 34 35 36 37 43 44 45 46 47 -1 43 44 45 46 47 53 54 55 56 57 -1 53 54 55 56 57 63 64 65 66 67 -1 63 64 65 66 67 73 74 75 76 77 -1 -2
3 4 5 6 7 13 14 15 16 17 23 24 25 26 27 -1 23 24 25 26 27 33 34 35 36 37 -1 33 34 35 36 37 43 44 45 46 47 -1 43 44 45 46 47 53 54 55 56 57 -1 53 54 55 56 57 63 64 65 66 67 -1 63 64 65 66 67 73 74 75 76 77 -1 -2
3 4 5 6 7 13 14 15 16 17 23 24 25 26 27 -1 23 24 25 26 27 33 34 35 36 37 -1 33 34 35 36 37 43 44 45 46 47 -1 43 44 45 46 47 53 54 55 56 57 -1 53 54 55 56 57 63 64 65 66 67 -1 63 64 65 66 67 73 74 75 76 77 -1 -2
3 4 5 6 7 13 14 15 16 17 23 24 25 26 27 -1 23 24 25 26 27 33 34 35 36 37 -1 33 34 35 36 37 43 44 45 46 47 -1 43 44 45 46 47 53 54 55 56 57 -1 53 54 55 56 57 63 64 65 66 67 -1 63 64 65 66 67 73 74 75 76 77 -1 -2
3 4 5 6 7 13 14 15 16 17 23 24 25 26 27 -1 23 24 25 26 27 33 34 35 36 37 -1 33 34 35 36 37 43 44 45 46 47 -1 43 44 45 46 47 53 54 55 56 57 -1 53 54 55 56 57 63 64 65 66 67 -1 63 64 65 66 67 73 74 75 76 77 -1 -2
3 4 5 6 7 13 14 15 16 17 23 24 25 26 27 -1 23 24 25 26 27 33 34 35 36 37 -1 33 34 35 36 37 43 44 45 46 47 -1 43 44 45 46 47 53 54 55 56 57 -1 53 54 55 56 57 63 64 65 66 67 -1 63 64 65 66 67 73 74 75 76 77 -1 -2
3 4 5 6 7 13 14 15 16 17 23 24 25 26 27 -1 23 24 25 26 27 33 34 35 36 37 -1 33 34 35 36 37 43 44 45 46 47 -1 43 44 45 46 47 53 54 55 56 57 -1 53 54 55 56 57 63 64 65 66 67 -1 63 64 65 66 67 73 74 75 76 77 -1 -2
3 4 5 6 7 13 14 15 16 17 23 24 25 26 27 -1 23 24 25 26 27 33 34 35 36 37 -1 33 34 35 36 37 43 44 45 46 47 -1 43 44 45 46 47 53 54 55 56 57 -1 53 54 55 56 57 63 64 65 66 67 -1 63 64 65 66 67 73 74 75 76 77 -1 -2
3 4 5 6 7 13 14 15 16 17 23 24 25 26 27 -1 23 24 25 26 27 33 34 35 36 37 -1 33 34 35 36 37 43 44 45 46 47 -1 43 44 45 46 47 53 54 55 56 57 -1 53 54 55 56 57 63 64 65 66 67 -1 63 64 65 66 67 73 74 75 76 77 -1 -2
