0 1 2 10 11 12 -1 23 24 25 33 34 35 -1 40 41 42 50 51 52 -1 63 64 65 73 74 75 -1 -2
0 1 2 10 11 12 -1 23 24 25 33 34 35 -1 40 41 42 50 51 52 -1 63 64 65 73 74 75 -1 -2
0 1 2 10 11 12 -1 23 24 25 33 34 35 -1 40 41 42 50 51 52 -1 63 64 65 73 74 75 -1 -2
0 1 2 10 11 12 -1 23 24 25 33 34 35 -1 40 41 42 50 51 52 -1 63 64 65 73 74 75 -1 -2
0 1 2 10 11 12 -1 23 24 25 33 34 35 -1 40 41 42 50 51 52 -1 63 64 65 73 74 75 -1 -2
0 1 2 10 11 12 -1 23 24 25 33 34 35 -1 40 41 42 50 51 52 -1 63 64 65 73 74 75 -1 -2
0 1 2 10 11 12 -1 23 24 25 33 34 35 -1 40 41 42 50 51 52 -1 63 64 65 73 74 75 -1 -2
0 1 2 10 11 12 -1 23 24 25 33 34 35 -1 40 41 42 50 51 52 -1 63 64 65 73 74 75 -1 -2
0 1 2 10 11 12 -1 23 24 25 33 34 35 -1 40 41 42 50 51 52 -1 63 64 65 73 74 75 -1 -2
0 1 2 10 11 12 -1 23 24 25 33 34 35 -1 40 41 42 50 51 52 -1 63 64 65 73 74 75 -1 -2
0 1 2 10 11 12 -1 23 24 25 33 34 35 -1 40 41 42 50 51 52 -1 63 64 65 73 74 75 -1 -2
0 1 2 10 11 12 -1 23 24 25 33 34 35 -1 40 41 42 50 51 52 -1 63 64 65 73 74 75 -1 -2
0 1 2 10 11 12 -1 23 24 25 33 34 35 -1 40 41 42 50 51 52 -1 63 64 65 73 74 75 -1 -2
0 1 2 10 11 12 -1 23 24 25 33 34 35 -1 40 41 42 50 51 52 -1 63 64 65 73 74 75 -1 -2
0 1 2 10 11 12 -1 23 24 25 33 34 35 -1 40 41 42 50 51 52 -1 63 64 65 73 74 75 -1 -2
0 1 2 10 11 12 -1 23 24 25 33 34 35 -1 40 41 42 50 51 52 -1 63 64 65 73 74 75 -1 -2
0 1 2 10 11 12 -1 23 24 25 33 34 35 -1 40 41 42 50 51 52 -1 63 64 65 73 74 75 -1 -2
0 1 2 10 11 12 -1 23 24 25 33 34 35 -1 40 41 42 50 51 52 -1 63 64 65 73 74 75 -1 -2
0 1 2 10 11 12 -1 23 24 25 33 34 35 -1 40 41 42 50 51 52 -1 63 64 65 73 74 75 -1 -2
0 1 2 10 11 12 -1 23 24 25 33 34 35 -1 40 41 42 50 51 52 -1 63 64 65 73 74 75 -1 -2
0 1 2 10 11 12 -1 23 24 25 33 34 35 -1 40 41 42 50 51 52 -1 63 64 65 73 74 75 -1 -2
0 1 2 10 11 12 -1 23 24 25 33 34 35 -1 40 41 42 50 51 52 -1 63 64 65 73 74 75 -1 -2
0 1 2 10 11 12 -1 23 24 25 33 34 35 -1 40 41 42 50 51 52 -1 63 64 65 73 74 75 -1 -2
0 1 2 10 11 12 -1 23 24 25 33 34 35 -1 40 41 42 50 51 52 -1 63 64 65 73 74 75 -1 -2
0 1 2 10 11 12 -1 23 24 25 33 34 35 -1 40 41 42 50 51 52 -1 63 64 65 73 74 75 -1 -2
