0 1 10 11 -1 33 34 43 44 -1 66 67 76 77 -1 -2
0 1 10 11 -1 33 34 43 44 -1 66 67 76 77 -1 -2
0 1 10 11 -1 33 34 43 44 -1 66 67 76 77 -1 -2
0 1 10 11 -1 33 34 43 44 -1 66 67 76 77 -1 -2
0 1 10 11 -1 33 34 43 44 -1 66 67 76 77 -1 -2
0 1 10 11 -1 33 34 43 44 -1 66 67 76 77 -1 -2
0 1 10 11 -1 33 34 43 44 -1 66 67 76 77 -1 -2
0 1 10 11 -1 33 34 43 44 -1 66 67 76 77 -1 -2
0 1 10 11 -1 33 34 43 44 -1 66 67 76 77 -1 -2
0 1 10 11 -1 33 34 43 44 -1 66 67 76 77 -1 -2
0 1 10 11 -1 33 34 43 44 -1 66 67 76 77 -1 -2
0 1 10 11 -1 33 34 43 44 -1 66 67 76 77 -1 -2
0 1 10 11 -1 33 34 43 44 -1 66 67 76 77 -1 -2
0 1 10 11 -1 33 34 43 44 -1 66 67 76 77 -1 -2
0 1 10 11 -1 33 34 43 44 -1 66 67 76 77 -1 -2
0 1 10 11 -1 33 34 43 44 -1 66 67 76 77 -1 -2
0 1 10 11 -1 33 34 43 44 -1 66 67 76 77 -1 -2
0 1 10 11 -1 33 34 43 44 -1 66 67 76 77 -1 -2
0 1 10 11 -1 33 34 43 44 -1 66 67 76 77 -1 -2
0 1 10 11 -1 33 34 43 44 -1 66 67 76 77 -1 -2
0 1 10 11 -1 33 34 43 44 -1 66 67 76 77 -1 -2
0 1 10 11 -1 33 34 43 44 -1 66 67 76 77 -1 -2
0 1 10 11 -1 33 34 43 44 -1 66 67 76 77 -1 -2
0 1 10 11 -1 33 34 43 44 -1 66 67 76 77 -1 -2
0 1 10 11 -1 33 34 43 44 -1 66 67 76 77 -1 -2
