32  ==> 32 33 42 43 , 25.0
32 43  ==> 43 , 25.0
32 33 43  ==> 43 , 25.0
32 33  ==> 43 , 25.0
32 33 42 43  ==> 43 , 25.0
32 33 42  ==> 43 , 25.0
32  ==> 43 , 50.0
32 42 43  ==> 43 , 25.0
32 42  ==> 43 , 25.0
53 54  ==> 31 32 , 24.0
53  ==> 31 32 , 24.0
33 43  ==> 43 , 25.0
33  ==> 43 , 25.0
33 42 43  ==> 43 , 25.0
33 42  ==> 43 , 25.0
43 54  ==> 31 32 , 24.0
43  ==> 31 32 , 24.0
43 53 54  ==> 31 32 , 24.0
43 53  ==> 31 32 , 24.0
43  ==> 43 , 50.0
43  ==> 43 44 53 54 , 25.0
43 44 54  ==> 31 32 , 24.0
43 44  ==> 31 32 , 24.0
43 44 53 54  ==> 31 32 , 24.0
43 44 53  ==> 31 32 , 24.0
31 32  ==> 32 33 42 43 , 25.0
31  ==> 32 33 42 43 , 25.0
42 43  ==> 43 , 25.0
42  ==> 43 , 25.0
54  ==> 31 32 , 24.0
44 54  ==> 31 32 , 24.0
44  ==> 31 32 , 24.0
44 53  ==> 32 , 24.0
44 53 54  ==> 31 32 , 24.0
44 53  ==> 31 , 24.0
